[SearchAgent] using function depthFirstSearch
[SearchAgent] using problem type PositionSearchProblem
(5, 4)not inset([(5, 5)])
(5, 3)not inset([(5, 4), (5, 5)])
(4, 3)not inset([(5, 4), (5, 5), (5, 3)])
(4, 2)not inset([(5, 4), (5, 5), (4, 3), (5, 3)])
(3, 2)not inset([(4, 2), (5, 4), (5, 5), (4, 3), (5, 3)])
(2, 2)not inset([(5, 4), (5, 5), (3, 2), (4, 3), (4, 2), (5, 3)])
(2, 3)not inset([(5, 4), (5, 5), (3, 2), (4, 3), (2, 2), (4, 2), (5, 3)])
(1, 3)not inset([(5, 4), (5, 5), (3, 2), (2, 3), (4, 3), (2, 2), (4, 2), (5, 3)])
(1, 4)not inset([(5, 4), (1, 3), (5, 5), (3, 2), (2, 3), (4, 3), (2, 2), (4, 2), (5, 3)])
(1, 5)not inset([(5, 4), (1, 3), (5, 5), (3, 2), (1, 4), (2, 3), (4, 3), (2, 2), (4, 2), (5, 3)])
(2, 5)not inset([(5, 4), (1, 3), (5, 5), (3, 2), (1, 4), (1, 5), (2, 3), (4, 3), (2, 2), (4, 2), (5, 3)])
(3, 5)not inset([(5, 4), (1, 3), (5, 5), (3, 2), (1, 4), (1, 5), (2, 3), (4, 3), (2, 2), (4, 2), (2, 5), (5, 3)])
(4, 5)not inset([(5, 4), (1, 3), (5, 5), (3, 2), (1, 4), (1, 5), (2, 3), (4, 3), (2, 2), (4, 2), (2, 5), (3, 5), (5, 3)])
(2, 1)not inset([(5, 4), (1, 3), (5, 5), (4, 5), (3, 2), (1, 4), (1, 5), (2, 3), (4, 3), (2, 2), (4, 2), (2, 5), (3, 5), (5, 3)])
(1, 1)not inset([(5, 4), (1, 3), (5, 5), (4, 5), (3, 2), (1, 4), (1, 5), (2, 3), (2, 1), (4, 3), (2, 2), (4, 2), (2, 5), (3, 5), (5, 3)])
['South', 'South', 'West', 'South', 'West', 'West', 'North', 'West', 'North', 'North', 'East', 'East', 'East', 'South', 'West']
*** Method not implemented: depthFirstSearch at line 104 of /home/nem/Desktop/Pacman1/search/search.py
